5000
4600910 8135846
7380618 7768167
2133915 3060705
5900581 3777518
673751 4457627
6464943 5537889
2727407 2402649
2732663 6043849
2073795 1118067
6544235 1175393
7643470 4429084
8312066 6529829
5636845 2474232
9834965 1201667
1616754 6426032
6392985 7423770
8615715 7010025
2715024 5715267
4285030 4419060
1080832 5247569
8193291 9169833
2836303 4823206
556955 5736439
8180744 6985246
9977287 399466
1937172 4632941
6956733 9256850
2081445 7778665
7845878 6087708
938635 971701
5564876 3522743
3982717 2139904
7215134 2485349
9978692 9069811
6582887 2209362
9393757 1602288
5155595 147798
9439201 3491590
5539754 9216886
493432 8677906
9083435 8609298
2686376 2104304
943750 8952831
3339379 3855586
6765519 6990461
8485434 1427120
4686616 9956880
8550311 5038180
9596512 6202656
1497547 7653944
7122750 4406764
234473 5650253
2902452 2964562
1425310 6064190
4679774 9409713
9020410 7600376
2178170 2424469
8880071 2632661
4616447 5122119
9147833 3713990
6186565 408673
2802137 6244791
1648701 7274890
2975349 5696646
6349999 5823861
106664 7679504
5459926 3886991
5400345 2251099
9442350 7804607
5468830 2638849
8734417 8865634
8625624 7930062
8672204 9121515
2597347 6950253
6799020 439285
9197863 5100389
5910456 2133084
5778980 7485225
5524876 3748483
6509525 1859395
8670756 736711
932139 1736504
4908095 7837503
86289 4618252
3205420 2872443
9669636 4135785
7427317 3346482
8016191 2672251
4364839 3437846
9500230 1228253
1463883 7709126
1838181 6662516
6506461 306541
1197638 6536977
6447002 3119547
6911995 2653348
7083402 5377192
7543052 549458
1527719 313754
6185581 6100609
1222869 7115598
1296350 7862872
3832187 2840480
751238 4108862
1193482 5494459
3778806 7741299
1826999 3666509
1145009 1171563
3798467 1368386
3752077 5968197
6365930 1594
4833606 2214956
5026534 4938433
3879576 3982609
5322143 9131682
773836 4294515
3779383 3675432
1530426 1857127
6061716 4742764
1904397 7030538
313925 4754391
3336459 4931078
5916927 4889645
1179167 6639312
4717099 8237123
533784 1948443
9657824 9422889
6425869 6436845
913909 6222411
60568 4689015
1426083 2126092
8236838 3884003
8158930 6527122
8296574 3528205
9596687 5091693
7812118 4068396
6100933 1270966
7120291 4881518
5035771 5335129
1251055 28888
3701664 9958937
4298176 861249
3927141 4706016
5375485 2074118
3174817 9824528
3732878 7254848
1361760 8178335
1990514 4171640
3052681 4483076
3844851 2939500
2824870 8628708
4990082 6715256
12029 1873509
6808952 9806942
6955707 4378137
4228253 5716039
6704202 929404
2883054 7145065
5676177 5072266
7499876 3731987
8877559 293232
7581599 6227856
7656682 4421330
9166457 5876863
2103189 518452
7698062 3977342
7007209 9243715
3626549 5165145
6591195 9683367
4962508 5121066
3547289 9679302
8781599 623741
136500 250418
3897962 5148641
1323810 5673293
5286666 6899388
9157650 1255060
597712 9334337
6213687 4372834
8207465 5859565
5849340 822943
2826674 2784157
8719304 3708409
8528258 2160825
9838105 1874579
3308677 2582199
7137980 1971056
6045981 6290379
7818858 9807664
9727431 2465794
6493584 5332925
13311 8260460
2948137 6581882
5830383 4215487
5661233 3775673
8006966 5621545
6229931 824084
3620839 2757336
2044517 216961
3090966 3903307
2516614 5037988
4465189 1374324
7049645 1074973
3614185 7610847
2270540 2864828
8981414 8325207
6745230 7197840
9559260 9001140
6967583 2003943
9567909 3736768
4946865 5201208
3881118 3945516
579092 5117342
9688613 5145908
5978424 2221319
3213305 6528701
2926107 5180379
3628719 3307982
4475123 7494722
2120287 1833795
3506065 9054793
6293223 1743620
2577343 9020078
7840673 9925920
3400538 709097
6462813 3462791
3410174 4217018
3674139 4920151
3557048 3549112
9442854 7055226
7539084 5910785
3585367 9235244
7030606 209835
3403616 3550788
6360562 3608101
6780337 5210481
4537206 1669615
8720557 7360481
2516932 9589825
3642499 5446457
1116179 1411049
5103023 9045365
187276 575279
7852790 7797876
8916761 6655283
7561989 4705513
6284923 1907028
2149538 7893685
8268198 3096438
6773203 7249208
5805665 7684503
4734268 1636923
8268859 6293380
3816459 4492612
2971201 7363044
6606369 8443139
7159937 9843798
225477 4519926
1063630 4855596
5893223 6076640
4061642 6292193
391946 3986485
1084488 8494438
592131 9640186
506997 7705451
4449027 9892047
2713500 6991823
2548570 5691200
4084679 2579456
3577704 9167981
1860494 3372921
7782646 8995073
8519758 3787256
2998280 5187372
4880759 3174699
7704206 9584253
814785 1346696
3626484 6465594
858308 9103041
3314918 3433351
1508052 590035
1141952 4795858
1077808 1228226
1456455 9616407
9876243 4741666
7241473 8255092
7842843 3052261
767681 1850290
3403890 1135210
4606901 1708897
4281721 3512481
7040090 4446557
7101115 7121585
7499056 4052051
8809333 6531984
6789292 7474682
2338121 6766657
1886785 8334524
3263652 7176275
8081520 193945
3321540 9198473
6801622 5527402
9878322 3141073
1567808 2194501
1748227 2705147
9351657 8298712
7761846 1801628
4561802 3663626
6824737 4191324
6012898 7257378
7011651 7034696
1738109 3540770
5857138 5405272
2613819 8113112
2444479 9677135
852996 9997803
1135063 3204533
7237439 1717697
1393676 2825101
8580055 8944790
4812673 9103120
1127002 8729143
5649438 8275107
3565800 414540
5412572 5045673
5799617 4472185
7832249 7835274
6749896 9886220
8277018 929166
3334651 6762896
9002284 235172
6419507 6319178
2916571 53290
7136517 7663103
2474254 2804995
7589620 5200227
7431532 2476332
5837333 5294440
5009540 3854769
3333530 294886
6044928 4649607
2051769 2603084
871752 7299315
1484746 8435805
5273527 1224106
3372296 5222066
887903 6567081
7072724 2268384
4472586 4989848
6878339 7595383
7474701 4079883
2568717 8920643
68150 7033311
5407757 359182
7461851 4743374
9482403 4509673
4117273 8584031
9230634 2955155
7093997 8877220
8764520 50387
8407542 584161
480323 2033208
1990558 5863596
8519418 8587514
4524476 1355107
1774394 3608165
9463157 4741825
1602139 8453833
1832788 2926380
3417353 4485729
5282693 2227748
5405568 3404528
1623968 4584130
491085 767164
6030760 176746
438661 1747777
3454300 3580466
4938957 6562553
4699104 9658219
2652060 9377832
2321571 6414341
8000148 8204451
8634070 1212233
7984561 2968265
7801019 4651047
356798 3949583
8473472 130279
1822779 9784728
231357 3664271
2906480 6520967
7822268 4369512
8548920 6361297
5371251 2472748
7514914 5546199
1254097 9937968
2001458 9938680
9712651 2962893
9104511 7210560
9441864 1447206
6922702 332589
9999097 4841460
3281756 3558240
7860054 3325927
7837475 4603609
1671735 7361961
9876593 8586094
7361376 3489735
8457581 1775607
6191608 8940489
4353999 5424864
9364149 8571565
9038214 668655
6360855 1674209
5547121 4015948
3883600 974166
8405341 7885273
6201476 178472
2108495 6556108
2569838 9190095
6653247 9567634
8152468 6558378
9406722 3197756
247507 2421232
2920460 6918700
4470276 9908910
1986181 5438430
1082692 7220490
9706034 2751130
4676650 5871704
32947 9989609
647173 8606152
2100703 6025730
3431920 4129661
117322 751471
3082362 7822518
3422449 4258562
5743523 2392557
631098 8144330
94176 5484206
7184137 6541840
6535370 196411
718297 483547
8937104 4348455
4408164 2797313
8615590 7473303
1984854 8972789
2402880 9254232
4966045 3534292
4310112 3741822
2377380 1433193
4767027 8484270
4992550 4912204
5207644 4551635
7640451 3580792
6937670 3546257
5192036 9278307
7456047 1484718
1695915 5314200
5291230 3079870
725766 647993
7881310 6419617
920471 6663042
9626122 7167143
559727 5363168
9745783 2753163
165490 378075
5367674 9814801
8510954 7726875
903977 4843618
12875 6955635
5018195 5221487
546703 9404879
2171249 5099110
2187530 7008746
6257263 7347194
5114578 1682008
8667477 2945412
6588384 5588545
8481736 9888374
9048285 7756040
3370785 1326075
4488752 1513207
693212 8588590
3420029 3012864
7214917 3954803
4567758 5377905
4366506 5166964
4010863 6221933
7660935 8114781
7362699 3066041
2041649 3630271
8835005 7497509
8326316 2535220
4791179 3966539
2981658 3735305
5581044 626757
6529466 3151019
6740301 5153002
7318319 435959
7913985 8793451
7749800 6622480
9303480 9078830
9966442 2780946
6859321 8151638
6509562 5037993
1966810 8026766
7122770 223793
864227 3567948
762420 5842227
7656026 8011127
2669317 5919796
7320079 4375647
142925 5402195
3987051 2674336
6810650 3117264
1813392 8845262
3543347 4163812
7418329 7736584
2890797 4911853
2392150 6844965
5231160 427177
9429507 67139
2337468 9440955
1516615 17499
4248858 5224230
8157587 6751049
1325929 9391561
8967939 6613965
3578272 3770979
6302870 6765083
1860703 9118427
9998483 5600894
8234170 6530323
4861468 9500222
9273379 9403333
9399360 9460779
7728041 369416
625352 9867997
6268002 1911711
6050150 7940004
4523075 8575602
6255275 9360465
7925801 1185777
6605335 2817443
6708242 517061
5962507 8903177
7221390 3783600
8920618 2164642
935796 6441389
135211 6156854
7505570 6926418
2750843 4342435
6805705 1644534
4953679 1506424
7049206 2028727
843394 1561458
355889 1858972
9103328 9684550
3026185 1328341
4525894 1494288
9597086 1419215
7496789 2256592
8395017 1459942
4571512 1195232
3406554 8835532
8203866 2702748
7080095 1339055
9192219 8912705
1400900 631215
3262662 6221793
9869391 6644852
9798619 3532156
291245 7397123
7418350 2949510
7061041 791906
2074332 1236386
4280637 7100394
5144002 5705852
7736823 9665210
9218156 5493367
3257543 9456512
3420634 5968113
6693393 2188372
887516 1986516
6003129 4906865
1976099 2704080
8404253 4128233
1222714 5264863
7602019 7353947
7468372 748879
78115 1357688
6820558 5707399
8197143 2260470
1866872 3259651
5561283 9124762
8383094 8703741
183450 7326625
7561626 3626420
4743690 5057204
3836466 4868467
1019439 6817001
4691498 7467728
8219065 5458622
5838184 9866835
3202088 7984048
6542854 1440961
4169231 5359176
2178089 6651559
3755255 56102
5199583 7714582
9233005 9841017
3449848 6603219
2830167 1234867
9562523 5027927
9413287 4721979
2948953 1937724
9829602 2344384
7912125 6370817
8479342 8984464
4611486 6141091
5296605 5224980
8009163 4405281
4626332 2549953
5304958 2169146
6319519 6140312
8184910 714160
8487442 8238080
2023121 8080365
3710372 715991
1986914 6517884
712020 3555874
4230159 4316889
1706121 53002
7589116 1099568
3472116 2824416
2963033 4605275
7915884 1106554
6109427 2947791
1552181 1758234
1473304 1451338
361890 4382970
8912801 4871887
7111836 5024238
5975022 5398302
8590934 6076497
4552102 8634357
9058441 2581868
2883089 4358891
2091745 6310820
9957601 6674078
570770 9801026
1472933 9802447
8912067 9883979
6331400 8182304
6000073 5733620
8001956 4229355
8367125 6424517
8669275 9374242
1281294 5476221
1414623 5309977
758891 9445309
509786 2408700
578294 1042746
2449046 865642
9534339 2442689
4635663 9306739
3978372 7958816
9005295 9295296
5895223 9779238
713450 1451707
2351389 1479879
5400798 392214
2290361 217376
1911260 3453478
6277568 8741042
9843963 437480
8792369 4979651
9321018 1342667
6152875 7460017
725834 1848750
7515438 3133592
5943560 6315823
2472846 9220747
1872197 4233284
4839260 9356163
2667821 4382503
7073719 3269718
1879325 2663988
1636647 4512050
8811479 38403
8399894 1387801
962980 5522787
8233172 6856949
8259990 7478338
4921190 9140850
9493900 5050412
753848 483440
2707701 6011859
4847089 476112
8885892 2611805
3799248 7443916
3855312 6003953
7322987 4626292
5464997 3618284
5945711 6803188
7454388 5170395
4744346 6561245
8938563 4143640
4203652 6641369
969179 9849478
6550417 7848585
8852780 890984
3509985 4130231
2273796 1067348
156198 3606025
1820307 1742185
9259032 1986451
5741010 5829706
2349637 3871426
8161777 1491293
3348498 9651578
8501438 2225426
5079193 1286126
1635207 5928275
1253057 678444
2400269 1210930
4713335 7578921
4690723 9284910
817631 8447464
3540415 5564841
5831676 3178257
7304822 2344714
839794 361456
2152076 6044679
6071878 7981227
9436387 4221812
1003983 6159229
7646359 5337236
1656059 6567972
6087854 4213033
2800364 9502121
56692 4423314
9086071 6733372
3211878 1740047
5053861 9759864
4197507 2174012
3295435 6042160
6491071 7131027
2367941 7745023
9367546 7516667
6362955 1686535
4694877 1512388
9891521 1733829
4411938 8239212
977479 9954501
1278413 9570789
2031688 6922232
4050434 9240069
6778894 435552
8534295 1231710
5837286 5282280
3177012 8011418
510707 2955646
4084620 9779940
858906 1718178
8431354 6676704
6546964 4827145
9948177 1306125
689772 9446496
9826419 110130
4584202 3516549
9401891 3893909
370130 9872656
5872361 2914304
5874013 7063801
3991541 2130114
9532583 2682727
848937 7192492
5942527 5778652
603261 3322194
9929408 3955994
7180749 2710859
2169021 6613607
8554364 2460177
2086721 215813
5281603 991195
9493779 4818576
9362270 93593
5431062 1063645
8286770 8363881
8103797 9870561
1544729 6497787
976252 6616016
1199311 8113646
1911477 8861548
2027336 7442780
6153552 988150
4372257 3359872
6893917 2175424
2733192 4816652
522350 4699757
2130201 7528129
6579297 9077879
1137822 2447272
4575091 7170846
7671503 6984501
8129068 9508927
2699841 1612297
796717 5994724
1998001 5167107
7835292 3832033
1151638 9693562
7340616 690030
4419639 5862303
8156225 7811407
3368691 8411117
4738005 2586241
4484500 9965547
3493045 111857
5884676 7346527
6167569 7827243
1003688 6398832
4427497 8206206
233594 263123
8163551 8436670
1512716 5866596
9529226 6066664
416434 5827371
3982574 2835844
2061701 5248702
786954 7411885
1397910 6363646
7335614 131289
5728618 1638563
2098945 7071585
430304 3990299
68225 3007578
6683496 7975353
9307682 3974293
6172467 3914843
3546774 1183222
2224081 892712
9609571 7901604
7260877 5988771
883613 7875085
5633051 9176426
6386831 867447
7228180 2201528
1775939 5039899
5708270 7809067
1385921 1194673
468676 7178117
1411353 6719854
6947869 4229215
2502707 9260521
8998156 9184976
3412562 5577631
3223354 3156334
412399 8322556
9632689 1286404
7959021 4809627
6290011 9545622
62029 5602791
1484360 4927065
7534803 621302
617746 2727218
851184 5452714
9361748 4463654
9601947 8707548
741875 8536655
6335185 5322068
9942537 6045373
8230052 1006475
2136201 2045584
5063466 1640313
8793557 4415518
223885 8807660
3549214 9608834
3783175 8895346
1500129 6855254
8410459 5612873
2235529 7795516
5935889 8506695
6374444 2049699
4006980 9638566
2178398 5974313
4791116 645974
4366003 9457634
5333297 6041066
1843468 2110986
482116 4963542
5699842 8719650
3759467 5017320
1676442 1840567
2566798 4384398
4772749 173550
4962245 230628
3307682 73295
8872798 7315001
1220919 6175129
4435957 2852621
9960584 905034
8259433 5644830
2252089 4341213
7253139 8623065
9693972 8366433
7136857 3677012
4195300 4331464
771674 9066977
6781194 5330430
3888344 8700583
9753306 2584899
4031275 8050009
2814237 4678356
2896628 8870129
3579731 8006228
48227 9331105
2697073 3052284
3386035 1193463
4379626 5707390
7177884 6935090
3848659 1206536
8425164 9279853
9969264 8723090
6413524 7394708
712812 9893331
6255448 4965253
4405308 7125682
4311205 6953611
326934 1642352
8789873 9645874
168365 3002735
9716844 7110838
5103868 6950045
7213645 7084684
2006650 7371530
7698620 3507290
9274472 1165619
35080 7109499
7406008 1408048
3521279 4262834
4199196 8598258
9600261 6882316
845476 8503517
2815324 2307795
6777212 1872221
4905322 3213871
8979946 9945626
4593660 673597
9518191 8755677
8556379 6053610
6155704 5651554
6609836 2511732
4628328 2603762
7506451 8256083
3773115 7729236
7453653 7227977
5045837 5942299
6289248 481336
3909157 4873963
8434955 9643869
5112543 6516823
7550284 3791144
1597806 879692
8161123 4850313
7794638 9798152
6151206 5610775
4788561 7491687
9182980 1582906
329524 7977057
7155054 9792883
2222476 3469774
2153787 6398962
2524489 8869595
2635898 3649747
1623697 3403015
7217852 5894749
7297807 4425115
3689896 8639030
2822608 5428327
7683926 9511273
4999112 537412
6788964 6928685
9423690 8674342
212066 9391412
979076 2308356
7680816 9216878
9809064 4282368
5568583 3547432
36953 1724149
8262390 5149802
1305982 2767082
31992 4507263
8431334 7073118
408254 2241877
6911011 2111765
6454 8026012
9587050 2877455
9876776 3183752
7000802 7864676
2937784 5684342
94161 1540392
1317516 7658235
2120675 7627708
2233647 8400650
6916954 5730127
1050358 1489488
1963624 3505563
1913650 1184086
4735703 6583567
7261973 193166
5613154 6414991
7827699 2893656
8933846 7659227
2870144 7105538
9438326 359478
300865 1171977
8621626 9372628
6816329 545410
370854 3241363
3132963 1118980
3607086 5568596
3661455 860495
3396720 6230903
3215037 5454935
8579220 5077016
9536368 7469523
6516481 8247125
6065 952084
6793980 5563934
6196982 8038691
3367466 8409788
5765069 678673
8116898 4848983
3105246 3860603
3963990 7632523
4728660 2759156
5053186 5077654
1648001 8515478
2804585 7357192
5284370 9526348
2311344 4276831
5217742 8051968
8681310 4815668
7536237 2814311
5204022 8875919
164016 987842
8935780 5114804
7051558 7285168
2035629 346852
8490102 3728761
9348163 5596779
2911874 5211230
5849210 5646908
6780960 7683130
7893226 6060230
857588 2540082
215231 9338023
1074998 6811612
6392953 9156454
5288126 6787328
6789889 9409685
3735006 5654078
8104580 7684959
5147751 9685382
4115090 6519210
474146 4820745
8938548 767371
9912060 4320070
1662607 2493924
4518343 1663882
7010124 6750585
6678527 1337883
8229865 6918561
7834799 3398227
8712011 715176
9031796 5252667
5386004 2729382
7532678 718151
4648727 6287335
5197650 4164116
7784134 5217106
2735363 7673474
1551364 7328995
5204182 2889596
273047 5632166
1252468 1573435
9128953 3044668
3732950 6015196
5926830 6672937
4327940 4039542
7353014 8857064
9149886 5854015
5258701 3458950
7777813 1632690
2180121 2291529
6654145 5506770
2488619 4017924
3766758 3814356
1057941 1643518
8608842 7915521
2285206 8373764
1155675 146451
2358074 833597
4151465 3548602
1260941 7351817
4620083 4287693
5580291 5095048
7166713 8429988
3644903 3243386
9203868 420494
8088893 8809949
7758143 6945870
4387236 1802299
7985433 5083962
4773043 4797986
8881228 2785626
8295594 1388145
108781 5770493
3063503 4432022
3380214 95558
7326916 8177602
9146961 1789895
229179 8508516
3372677 7751983
5733775 3720109
9602586 3532497
88151 3059797
4818142 317043
6001510 181216
4203828 6717726
3895637 3624121
7493460 9310631
5486950 675884
6134239 2348081
9521732 567245
8682582 2379345
6297300 6011036
3377048 7739351
7943698 8133287
1859850 6591447
5547657 1058192
8185279 9476213
4724944 7676889
8554673 396382
1436481 9993000
5872569 1126769
2501452 94862
1160338 3000594
887324 7462858
87996 1515564
2775635 4604700
9645339 8392617
2969599 7565171
1215725 4246931
4006714 431708
5305358 3801776
6650912 3118392
5874287 3020746
7982865 4222680
4854782 6747452
2373833 9583420
5998638 4334502
1302368 6022011
4249177 72673
8689388 2088367
2922941 6146345
958388 4250776
1523349 3826001
4082655 5523338
9216066 7775111
8911470 1040444
9976902 1850278
5478241 2438925
8785784 1468312
2436783 6651049
375437 5305233
7064614 116611
1585280 723283
9927990 5134
1506604 944173
1519522 6614184
8525050 9674624
6983159 1270814
3929581 5521161
9127232 2480634
4507380 9565538
4938640 5345955
6563147 2820163
4477831 5239212
2904398 1234161
2793393 3632258
5213267 3984360
6573223 3938299
6042282 6287905
6722417 1024796
5671240 8966907
4133108 5788483
9888956 1069989
5829582 4323440
9731491 492015
7646892 4240814
2419788 6575789
831513 6511197
5672983 5088927
6680673 1834274
8239195 9352189
8839219 6325033
8349131 1969979
9629180 1464885
1446435 7607830
1058660 3655754
9477334 9861305
3096419 1109004
1706904 6272693
4328436 1548954
228810 2048753
3227680 3191525
182935 2690638
1999117 8419110
7416092 9044032
8272179 1241402
3557488 3447498
6480381 4067956
4389500 5638120
1346640 4785394
1867067 8236044
2741122 7063517
4000511 6761200
499835 2548890
6172759 8283550
5030749 2476397
7356508 2434245
1060240 5007188
6473019 92002
2647245 2069565
1894123 531197
8128189 4445696
2845612 1517491
9954979 1547479
3429928 8356527
9183054 7366369
199389 1321419
4651021 5488809
5973596 4531077
5379991 7675310
1087131 9678416
4442492 1003895
2567827 9479511
4430783 5641102
9971240 3137323
967245 707477
8718527 1084249
1328471 9349398
1938418 6891139
1789175 9421081
1455664 4108767
424811 3580061
5803929 2884569
6724082 1265971
9987742 4186905
8590560 9953726
7281847 7820944
994355 8700990
5010155 9663698
4042610 5281257
5675711 603657
6405992 9538012
230806 6521368
471914 6916372
3540061 5226540
3406406 1938883
2298135 7907264
7270934 1640013
1759469 6301558
9109828 4666922
4405855 611054
9387999 3086414
5173757 1797140
294099 1970990
4338381 6037817
9863210 2227187
6285783 4930662
3771624 518827
1732474 6538993
5936774 2129392
2516423 4534237
8902112 3597896
7797764 782861
7745332 1869140
6944978 9241828
9588913 7548492
8205680 65030
2134540 403925
1594266 9877014
9398833 884641
5084606 4701263
7570148 805683
6466134 5626938
1353127 4314251
6084988 6304131
3681807 5990316
5299689 9236696
5468021 2626471
5478688 2632625
8649946 2878445
3727916 3635935
3744435 9920757
2682225 5552890
5812056 7055439
7991464 3937206
162648 5938717
4969787 8644139
8501091 5320090
8155651 6086958
1802443 3025992
7479594 4637324
9016956 7772366
6464631 5729076
5939359 2621668
6956557 1935165
8556389 1235311
8031272 1758347
3115746 9638098
3499596 2428656
5533374 8343427
8504624 6017606
2143155 9962005
2120205 1992011
1248704 5647692
3960403 2823843
411081 1479791
1281440 1889581
2026893 482531
8784925 6308974
3729976 4374910
1125157 694031
2325986 623394
1894709 4256567
314094 4654903
1201444 7070489
1693847 8333906
1621255 9138615
3406053 1984693
2467125 7526678
2185003 7567247
1425705 4562094
4351241 866494
3898838 6177991
8757454 3433322
7753281 5870428
8932627 1500305
1865122 5550213
3354655 1883742
569808 9329244
4927258 4583806
2942980 2926995
2929719 1637021
5029508 5704740
1227058 5294940
2577595 3677490
3746002 6542744
9102043 240271
7646006 7980732
4240190 5300496
622956 4611781
6835781 1256240
6281268 9678954
4266544 9983703
7281391 851152
5528428 9679595
8414298 1685683
2177772 3108771
476183 828972
2821884 9037830
8718048 4812874
8147772 5675408
110241 7888121
3013258 1366935
5515291 7679487
2445469 486419
7383521 9878722
8189253 6334341
9846292 6962275
2021665 8007760
343656 1241977
1156215 1757194
7514918 6741727
2268278 462290
880617 3665521
779770 5667754
1305765 2658731
6761190 6128240
6501840 3817668
8140568 7206357
584036 1547201
7071275 3339931
5590946 4958896
1397872 5990795
7929255 4781927
4011258 9714693
2101853 7716455
6074609 3992281
8577955 4332915
2960525 8875073
1271225 9842348
462631 512068
7964006 2277524
37634 9583531
532126 5054439
4176665 8693005
7370109 6129318
8588045 7976395
479336 3367636
1260433 553808
7216196 8952918
1568993 2871048
7993841 5171791
9647683 8493770
1705111 7450302
3534588 8559919
9271046 5581392
694123 3621856
5373336 9430316
6435937 1848673
7956910 2005726
4039877 2807527
3603175 703655
724955 9225049
6842355 7093979
8934762 9702911
9016263 8927118
72116 7221175
6275828 9381628
6348138 5410088
6573820 4665141
9457691 3367114
2502007 468687
6687838 547708
1969043 7684046
7444367 1973401
9402522 3357011
4716996 871873
8826105 950332
9394032 5461985
8580619 693118
8739330 6382404
376361 6641747
9077384 8752709
3729465 264327
4888039 1947236
9370491 6664421
1679311 6970825
5982726 3567612
4446348 7683155
5723386 9891851
8965652 5111715
6719105 731890
1679815 5584972
5853208 700310
7558274 7684660
8459954 9260960
4354957 169894
7656331 4936205
6132007 5632975
8135080 2440979
6939122 8765599
9700767 9342153
1259106 6116709
8165929 1781349
3727574 7748147
6795704 3117568
9397617 3889104
9457902 266141
561266 3897467
7207045 3741655
7277831 5904860
9059639 9453643
9180043 5718167
7668830 1215371
7370115 7994502
2678779 6429481
2310897 4653764
2170357 2397768
3697882 3775443
1921398 8132339
1211695 413995
5716017 8527402
2808673 1120306
4883715 87380
1059547 115108
3318812 9176728
975588 9798408
244952 4717253
648071 1267070
4822214 884697
4688040 2801970
3272568 818565
3154199 6180809
2795247 7986804
1850801 5476356
6670868 9968910
2913860 5595406
3125553 3700905
9986289 5252227
7207992 9804643
360747 4311511
5258055 5507696
9590975 887427
1185239 7114158
6076586 9428998
7565341 2128809
9629716 9378475
2049490 8491434
8707226 8063660
1632250 7239774
7278612 2763979
9400795 7574236
1921160 9943435
6569722 3669935
8752197 2785984
3754626 1279205
3218035 3370105
9365456 9838485
254267 2676102
6666651 1474025
706683 224675
680120 9930887
7600651 4464277
3858231 5769130
2764289 48542
5357198 5789039
6215237 5750182
4737250 9681644
6996849 3552006
5805812 5921864
5998588 4782509
7449958 5257298
2229788 4706583
4329562 4089891
8340525 3998622
954201 780715
1398547 3346090
1709994 3770043
6598319 820283
5967041 2759266
8940955 7217862
2683928 1795122
3798446 5202665
4256761 7612546
5890039 3020645
9567264 7002609
4767542 9105575
5909460 5040202
5505996 5902758
7922418 3056590
6213527 2805824
9127300 5543762
1751580 5730756
2458615 4345197
2206859 5206589
8040970 3525526
6757994 2183108
3606123 9481194
7106090 7481405
8998481 1489983
7684944 3572214
730371 4077355
4866116 2125074
9781309 3753127
9934364 663323
8156500 4400045
2958475 7959911
8480643 4699503
7484917 9077823
4452583 7265104
672046 7228319
6825334 5059729
9637619 9127813
4915506 6054837
304106 4115807
1765938 8622386
6106439 106183
9686227 5637456
22035 811273
4298062 7085870
6249950 8013524
1921790 745778
2586482 2234353
7724894 6452789
144418 3465875
8909155 7263288
3707433 8019766
9602172 9068248
1763641 7719944
6836685 3878803
4086220 8773990
1998298 4054608
5630612 4839467
7557465 6853721
2289046 7108233
6454486 1718960
8097572 1500831
3037256 5024068
9123779 9101476
2652763 2773347
2719657 3209386
6524763 7139634
3215820 383042
9305614 1408906
4178683 5199594
5084338 2880286
9388212 283834
835209 3935142
9259444 7791440
9579895 47723
5850686 4120438
3200899 5351061
254309 7571293
1510333 8296888
9772916 7880953
5038453 7570650
8457197 2466013
5577922 9898160
3624591 9034799
3142496 951235
8593504 355947
8513743 7058554
2105506 2847485
9242457 1444803
2867607 9405899
4907282 5579386
8873982 2793980
8038968 1362038
240928 649196
2003037 8896245
3019896 645430
6449126 1998379
6206001 3946415
2085004 734637
3149532 7248336
8318847 7962623
4344287 6674190
5928938 363937
2749415 3803676
8598785 662920
5406211 4262565
9523313 2045140
8935599 1202526
4318680 5213709
6602017 863107
20462 3024112
4515607 3757131
4202136 4077048
4619665 7822648
3544935 6627284
386952 9909676
2248112 4006233
2158037 7391422
5103956 9759898
8047222 6188511
3806909 6094112
5510863 9613004
9227673 1564131
3669700 9072745
5759174 5855532
5409502 7883384
2296155 7358423
2956705 4244156
7796817 3530731
9281825 4434701
5083154 9303127
2988132 1469307
1648631 7359339
562617 9149469
7423247 3251142
5419141 6629824
3735423 1415982
9573089 4569486
7969651 807024
5240649 2850177
2868356 5872488
7099602 2616971
2162173 4075803
2753450 2265186
7228044 2221331
1918358 3038915
7428401 8125051
8615560 270139
4264166 6433290
3675430 8988110
7461565 3744391
2974690 9129765
6143127 8253047
5452587 7952361
6599015 6344136
4835868 8091894
2230299 7570511
682370 8206477
1910977 8737288
4963653 3647283
4159693 3173586
9388010 116065
2370728 5788159
14313 9730901
6983295 5484181
3706608 1281697
9526961 1822805
5154565 2791992
9168067 9928579
288048 2731044
1716526 5929154
1057541 3339827
9419479 2642835
8112804 1408451
9671918 7086044
4525981 7466798
4091157 502170
9690524 6204994
9378412 4774848
2747501 3368442
7544817 768627
8753462 469933
1392336 5275765
4831294 2610215
1499375 6786568
7998228 5025992
59024 3408528
783184 508259
1525776 7539980
5682640 2999075
5897902 7217519
2952912 9422400
1454431 1650263
7753083 8688341
4356733 3715755
4933586 21950
7801449 8403112
9117384 8989312
2564409 7659524
7827940 8112955
4430562 1998414
9119137 9162395
2112470 942738
8693986 5766769
4856672 4537210
1994772 3703161
1898283 8328541
9441063 3265154
362586 8695459
5397128 6958198
4590766 8109846
2916800 3717273
9204727 379998
4587036 1598618
9865145 1857007
6198854 5743939
1691310 3457781
9246934 8271934
8366174 5436916
9472602 2366169
8719593 4755053
554910 7741979
6977581 3719547
9160484 3836852
2455857 442611
9225395 1877733
5075704 2365342
1139495 8131790
6875506 5566258
4761370 5751780
9785476 5150122
5795037 209641
391624 5207937
8052667 6333268
6333397 5380591
780937 6331530
2367951 5291514
9878877 2898737
8498419 2484740
9832032 4081326
1388198 1915741
4656962 4631202
6444072 9782125
150379 3697019
8933842 6808545
498824 4891306
7195331 2679703
8856113 3114079
1792510 2205851
2144844 6496763
4955223 7565837
1895934 1708867
936366 1555642
8720910 4615670
577874 2445835
6957264 3672073
2666949 8836852
2512607 5354600
6187538 4466645
6870980 576072
6145089 7610578
296166 2336113
5683789 2782881
6650588 9245698
9920191 9388302
5992926 3321461
3556312 9959522
7770627 7837970
4015985 1838794
7538556 6066265
3378457 4644342
2225717 9854648
4826262 202256
2596911 5838145
3248453 563664
6218284 3389912
7084964 5718865
3457727 5138363
6590687 5169672
5269856 5713176
6717673 8930633
3852856 3285568
662158 4895671
6568539 3251213
1537515 3031068
3171835 5182117
5139372 1170503
6655286 515372
1124673 9393104
3529766 4240119
9508681 8658330
1830137 708243
3186502 2866688
9259844 3236411
161502 1168089
7377576 9505301
9226271 7733325
6894851 7831602
5642165 5604228
5837742 9486411
8553141 2496046
4881100 5336888
5407457 6051707
6242778 4211320
5109585 7981389
4864990 1536819
6417577 6825610
2445936 4167756
2162300 8715329
6347120 8730345
9093130 1798658
3347382 6887564
6525763 3247356
4663120 7270399
5346005 6965687
8646461 9770447
3955956 5829514
8288672 174762
4457984 6291712
3684564 4772042
7710728 1715920
9518704 8109877
7195177 6946256
1926941 7689993
2669757 3604530
5086128 1395305
4050031 4518093
8013883 9907259
8637286 6520368
2696395 406657
1572048 3784917
4351955 5675998
4384958 9607117
7753065 3895910
7076854 7896484
8584399 4370756
4979664 944063
3873440 4027965
696552 3607861
3398579 4106830
2976008 6486075
2506105 8009369
4758060 7761706
115122 5281095
6066646 1594192
7350729 1414195
1151304 2472577
6444445 464628
5576536 4201065
5048330 8263275
7163262 7821393
4443674 5816112
2170235 7886390
3935044 8681189
4077951 9890322
6947695 5225961
37671 1733809
1945189 4810592
4943567 9121764
6456131 2422595
1219831 47681
9708432 2022742
1151430 1337322
4443550 2830480
468219 622942
1103843 2044224
3826192 7401269
8976350 649198
3749685 5081649
1212084 1726393
4874935 1825406
7994038 4463453
9424776 8457057
4715753 2530791
3021572 5354621
7419278 8335115
265879 3901152
125783 7063417
2452718 1404818
9496703 6678228
9285440 8725400
3450101 9388516
2757855 4861874
9316215 5875997
1586189 3283637
3499263 4268111
8651868 8786087
3496187 8277885
8960159 7870945
8367985 2782775
848151 2682413
2595176 1840493
5044240 5138754
2878630 6243119
8836218 4300070
5696567 6469147
3816327 4894328
8066998 4525976
4834955 1682105
2711059 2322594
9598136 5207427
1857682 4186495
6556760 9351541
4116726 2662076
152188 698790
8482959 7220588
8868183 6668372
8656442 2435984
8479799 1633190
7534195 239362
9969879 6692223
5273005 2149755
3060254 3742858
5680580 7647537
4462204 7581128
7921000 9210746
9409009 8252138
8475175 9330741
9857659 3341814
938853 3551845
4317426 8373468
3584574 1402315
1448348 9369064
5435038 8048434
2512238 2209132
9240930 1298345
6110740 7718849
6258762 3314066
993819 32875
3119239 81784
5149166 7847561
2044995 5082553
2293372 4522595
5872145 1843270
8730493 9357641
8217165 2130886
24326 1901131
752670 6924653
7396494 284509
4102770 1472256
3549698 253372
2863061 5387940
2755796 294743
2120427 6902565
2808951 7572726
1100426 9663917
5510547 9146852
8322408 7905246
4284481 3567875
5061450 9230020
8896542 4414936
4936061 3864559
1749108 5018750
78388 9213798
4106978 9297698
230744 8440599
1864575 8772668
2575245 8934474
7242086 6758144
2513300 2895121
9561168 8350021
2421710 2469323
2631046 8369804
220667 8805640
792887 1537811
7211940 4622254
1000428 2075528
5469442 7276435
3820654 9016916
9613249 9532619
481424 3319323
8678696 1443832
8364799 3968275
8935836 5428885
8848312 1994812
5278671 3168122
744472 2242871
6336956 3007157
9393953 643647
35625 4094290
271284 6381171
7100956 2751772
2050624 4358170
2548861 5535411
952215 7986739
4151546 5369341
3859718 5381500
6464340 6778747
1141521 9922120
7951192 6835362
9417884 2984876
4387681 1170937
3587082 3819613
9756872 1865325
7730699 8466448
8141222 6200001
2641795 8146851
9905207 5549752
4685082 7972436
5038897 2078164
9762471 6647979
3588833 1805379
6643773 5977926
4380042 5556718
7254624 4963980
1495246 9894589
5061762 2757865
6425835 7461616
297380 2630271
4029112 3431429
9765928 7428792
6063100 2459583
1075328 9820842
7215863 5529105
8404387 7088958
5688397 3604786
4344953 8799765
1108436 60975
9295577 1946160
3527569 1897467
9519906 1114598
3046376 9461798
8063117 8077984
6476535 995249
3276499 8724407
4492931 1856541
7799434 6206386
3073182 9458754
2511283 3207128
7390242 7960063
4453735 7712135
7977054 6990947
3140023 6045421
307068 7258131
8451305 5851972
4744600 1694532
2038531 2649933
2040902 3077545
1288144 1924900
5708022 8834048
9672947 7588388
8112849 9319343
6815379 515779
8560870 9277634
9295453 8489135
2134255 9880312
9686115 6501750
5184195 6460748
5497279 6272341
9584998 8418158
4315762 7186022
1299728 5814970
335355 4223255
582479 6820463
4000017 9618590
2260124 1404291
2001497 8635909
4192039 8891386
4692596 3844186
5249999 4331744
9045159 6858322
6022866 1721961
4505483 2174958
1411677 5383134
4529728 9391567
7075339 256889
8271926 3595875
98070 6670988
2270422 5710519
7433337 1579214
7382313 8183818
3859318 1289264
9438121 7114047
6515508 7126608
6886655 9209896
864442 2133605
6317828 5820825
5462688 8346175
704631 1999819
1704983 9607196
9684601 2490867
9149913 7937560
2336248 1368069
9719595 2917210
622409 3650145
1565876 2539189
6453845 9614581
9460679 7503536
4701454 4330302
6952509 7899078
2073405 1207038
7897611 3917369
7582470 7181046
4377538 1919693
8382299 4771729
9727171 7328270
6393651 5467066
9958138 253149
7192 7399820
1289485 8976400
5911965 6311472
8330375 7553803
801657 22541
4292300 7804861
2935513 4135839
9218465 3743760
5527914 4742178
9258411 4554568
7409031 2562124
5538015 4465192
9526131 8378581
386019 9081121
4553312 9775303
3674248 897222
8945788 469560
608750 7224893
844599 2710744
3620946 5030647
7462510 2376466
9071060 2100509
7222537 8885135
2722102 6566766
1595596 7834901
8276923 2538203
805889 8019900
4219408 3699258
3205305 1786384
3464882 9560404
4348242 4822335
3824397 4598704
4549392 6616961
6896307 4791215
8896800 3823097
2625386 4657308
6055666 3671936
8910221 867212
5920150 3417722
5076081 4180048
8628180 4236291
4334665 7066286
1065478 9224294
6241764 7725159
1485388 3991764
7496177 1546014
5488846 9016462
3642689 9670935
285473 8321882
856495 1703884
4535728 1428169
2396098 8174342
9259333 9308391
692366 1681854
8418314 8037997
6702562 6194074
8637018 9185496
3915018 1931643
3957833 1863889
1455459 3546506
3949020 4846551
9973846 1416743
1751657 9601854
9457184 4963218
4134573 7566395
4010659 8384808
9160297 8255983
6873177 5597984
1770570 7535315
8580868 9403958
4954863 3601141
7545591 240379
6311605 8011947
4862906 2187853
6921643 737119
7752025 639614
7644444 5986172
4392188 6381707
4689337 5508537
7836804 7006679
3802837 1243058
7510556 9983469
3392507 1082558
522381 7326395
2675334 7128414
4332413 6026206
4770258 8391051
6090615 9331475
9061616 9161105
7567910 2045536
3723187 4073970
4762785 3232408
6403734 8771152
4016915 6310386
2743858 9328996
7975589 1116749
3654478 7687287
7564867 999486
7082274 688233
2920040 1748807
4782041 7598142
2795126 730823
482557 2019719
6085517 2572271
9341142 96603
1816769 2312644
4678025 957732
9354108 6210661
9139638 9469705
8149071 5905000
9178619 4040930
5541074 4436338
926367 6659600
9215692 3926072
2329311 685366
9082690 2939338
3817742 7937133
7210618 2223858
4613707 587434
2883706 4611383
8987505 933236
1752022 5771601
3433139 7769567
168663 6793654
8231475 4723052
96529 3364574
4602157 9084284
4799703 8307807
409164 9191175
3592413 259990
5918573 3389812
8114422 1976862
2716305 8818819
673480 8957309
3405655 6794353
7401058 4792542
4812376 6776845
8501347 8430169
7065033 4940403
8633324 3855579
1596862 3153367
7849924 8380463
4667080 8912607
6785197 5827713
3509663 9809946
5837209 6614069
5813967 3881858
9568461 2674582
5891674 7351550
1532484 3759225
6327598 6976076
9836628 8810813
5007582 7907060
4480122 1931754
6826536 753265
9100476 8765171
300723 1478995
550289 4679777
6847606 1366162
2649753 395902
2164986 5423732
7892039 1015679
5242205 7816540
6769130 5657725
3847435 3758379
924519 9434598
8960497 9013189
8178759 3891206
408774 8868461
3546731 255788
5813363 6603418
7750600 8195522
507264 1233806
4149854 4745213
2835957 6805257
4712964 6619774
6228808 890100
8216278 2346867
5979314 2514659
1880306 7940946
2278131 3128473
3753686 7076608
8585485 1283321
3520086 2583343
4718568 7282939
6316333 762049
8566171 1645491
9610087 3874168
8322646 2201997
5040681 5041035
6275789 9609089
4802802 5838941
5942765 683144
5368472 4161428
1826497 5301784
2157378 399760
4563660 9353810
4678422 7343139
6855198 2972812
146366 3319616
7612905 1552950
2650968 653079
9300510 9868784
8802993 2038480
568220 8920500
374437 9981975
3534252 9541945
9232800 3565683
5088155 5142015
8125503 5607180
1089971 2958414
936095 7987497
9980988 8024807
2149377 6062675
428433 6041391
5915935 8260661
2463808 7849344
4052215 9274963
6697048 9616001
4632720 7512506
8283782 8334377
5156441 475041
1201358 6612274
1453907 336322
8956930 4164330
1218948 8143391
5227710 2548388
46529 2539014
6983892 9951466
1623462 6494311
5099655 5205478
2852071 6275147
9912848 8046504
1731680 6653374
730093 8769844
7714699 6398913
2530965 3178092
5275933 7473840
1713783 5563858
2736192 334195
9779692 9325092
6196678 7768161
3606947 1589714
6967245 8747661
9786277 8736300
5495768 8989433
7498070 4777130
7071817 4656950
8109329 4786840
3754865 9811367
9857082 5969032
8895993 5861827
1555170 7515480
1981550 8190940
6135219 3084963
2130886 9525954
8130798 1736507
3001537 5554219
8259286 816143
6080613 7502168
1680138 9591941
6891634 6638473
2065690 5688941
7906553 754628
2909368 4318258
9035921 495825
8693809 3842740
4477078 7271701
3886660 9508149
2352608 3695963
269835 8663056
4942059 8275470
3413322 5501978
4442031 1596152
1319875 189409
6984604 9253362
2080670 6353800
2607757 2770041
7054600 9432933
6614280 9737915
3414305 1779295
8155196 5809573
9874039 9343376
3022219 4012270
6799422 5828162
6463471 5285984
654991 4661123
935969 3309876
5068411 5691979
2512481 4635190
7145856 7253436
8462959 4851415
4919665 2379374
4405326 945919
4580886 9024775
6819947 5737794
8121670 9252445
6350475 3443970
5810533 5424269
5415922 837588
9351654 7621874
2854736 3012260
5342436 8391865
7739526 7336130
5997498 4063292
3684783 364154
9610940 7811876
4996820 8223918
3725659 5682185
8420926 990334
5282094 3581451
3576157 4098667
1681173 1510679
9807428 7250827
1889638 3872890
4109861 4923373
8189503 3372395
4979829 3190555
4548771 1161019
1597873 2128360
578631 1720469
3641046 4033170
843191 3009519
9955442 8688516
1502559 5606624
1332471 6046201
5674599 5879850
3934452 4005299
5747413 1939471
6506386 6911257
8597980 1441196
4058547 4894856
834342 3265626
1309010 9685942
109474 2818367
6446895 1191754
2205664 5271437
6351745 6743792
2033027 850263
5351959 1207497
670215 7313708
3542431 5061320
2313806 737678
4983812 4899506
5307239 9438740
1896115 2893927
11393 9590286
6220473 3025867
4519177 7769928
3031258 1360642
8663585 1958927
3331117 9730046
3302762 6838211
9465466 3754544
638069 9487355
3383334 8397037
6607970 1331576
4024709 392005
8843582 4731264
8833988 401102
4933061 1655033
6650342 4068311
1460622 1776265
5226669 2858859
7590273 4551427
368893 6847700
4376723 8862832
7442263 3503625
5433270 5224103
2757090 8543653
2393524 5123798
968553 4076356
7271572 6162598
7272662 6103089
5353893 3534780
2866643 266689
1481246 9493111
6615850 8344143
5291069 1944514
2275236 8466506
9046940 3500033
1494012 1594835
6111794 8852071
9995784 3182192
1886446 500781
3381331 6404670
5950856 1229425
1040676 7319382
5808466 7878972
2894961 9337556
621167 1825306
4092266 9641502
2463699 3804990
2404170 512061
6821580 5282765
400091 7249350
4053604 2551388
1410861 9122322
1965219 9848959
1925855 7160429
814319 3118334
972292 1966178
3717166 6269900
6191718 1092148
1848776 1096097
4466499 9875150
5932112 7915818
7766653 5103590
6922890 1407073
2189152 3154594
8657425 5197577
3089716 8333261
9055141 1593430
9352795 9944241
8675977 187278
7059732 8104483
1046461 6756969
7753108 3385685
7565594 6971635
9529301 648818
8013911 3912034
8050247 8690573
6160885 4566731
82891 1284467
1994854 9088049
4462618 6182716
761261 7816372
9944312 5415645
883130 8973910
4606402 6972000
305454 5964187
8017292 2524473
2448145 4204274
2297470 7090789
2383334 6724454
6529642 2253399
7569631 1026355
8524726 8217527
3476297 2887335
4469812 2037365
9767130 7366484
9835538 9157628
4372120 9647900
2612480 2144132
7129177 8746560
7360128 8519640
6756541 411537
2354055 2695587
2445897 2514677
3938690 2351332
8923996 9614005
9350391 6806995
3956740 2146990
5386830 4761366
2490402 9372577
7095656 2220511
423373 3632312
3978496 9141482
167794 2021233
971287 1808024
306839 5843103
142403 6020524
6298654 1241509
7955029 144335
7695465 6324065
6700469 1411073
1740976 6964920
8279563 3751721
3478003 4981963
6710639 6239856
2953677 7796776
626375 5811743
4228160 2601612
5430658 3198413
2003109 7205656
4291338 3748549
775193 5182307
8923860 2547086
8830141 9476229
7285609 7787724
692320 8389736
547132 4721236
563764 2524953
9404359 3486812
5834534 8475754
980502 2134133
804051 5442074
9502655 5491890
4666284 517918
2757142 5955388
1667972 2773598
9385288 4143360
7268697 1534188
4613752 3237228
264055 9033778
9878255 6964773
1816347 3697325
5606706 2483153
8628177 3836813
5105020 6682935
2528954 2835922
6229970 1751885
4360124 6063861
6453277 8994073
4188902 9782060
3452572 4036071
1526753 4438181
8426672 9401606
9536169 9420925
5927055 1483101
5749480 359340
8502490 7623737
3373502 5081705
7606639 7200351
7037765 557331
4339308 4163045
3677881 9974502
9674576 3698078
1276370 3036481
2014872 8896682
7899206 5187527
6980160 1874078
7247213 3523335
4756811 6246813
8132314 9528243
7775790 3116464
7277442 1825336
4001369 8425049
147745 1112089
762289 5159419
6321228 6939155
5186954 1316882
8893699 5444565
6736081 7193625
470818 7787082
4028626 4347846
4324812 1868237
5806852 8622090
9963754 333981
3615309 4644579
8782458 4521617
5063926 1344191
6509512 8337664
8683496 3307278
5500112 9314026
2384027 9229598
90781 105509
7404007 3273825
1234234 1131222
8238067 5012003
5262800 7723137
3535809 8442689
9738924 4896995
7858132 2197657
2834886 4425769
8041495 3510543
4877211 2890390
6861829 120695
8227554 7386849
8284554 5985910
7048491 7247309
851075 9043682
1948646 9075928
276953 3034733
7701507 6647416
5885619 6977226
3454246 2842863
4975092 2070266
558488 4077252
2867470 8190611
7522917 255073
6402608 8921908
9659901 9677881
4360547 2874660
8776892 3368802
6281534 4866462
6805798 9510667
1561243 2579257
2095340 6124802
4264507 9475199
6453001 95168
1076539 359308
9790563 4822660
6982835 8299933
1358960 3136308
5709625 1734161
2977288 8129092
7990609 3386479
5050740 1934906
4895822 6352221
350254 8953276
5967018 3275688
7877198 5378330
8812410 4860222
6030853 5872500
6691887 1180918
2944285 8700699
6006784 2095324
4957977 7903349
6385865 7271994
6583350 3437997
1148229 9834768
3694420 7210045
6394405 4708656
3762133 61653
4101695 5913638
4273113 6290729
9178884 5935188
698142 7654222
4210124 7630470
8224010 4072153
1747187 4445912
3524462 980332
862548 2462345
8765420 6453816
4804640 8919288
4659884 9946554
5377785 4238682
4659818 3207741
3620000 7027257
791670 7410764
8362320 6177534
848708 4377188
7655510 5217635
7519152 1670912
6147933 5386422
6715930 7836991
5976411 443530
1282624 4236377
4148647 9570357
4544884 9736034
7063581 8861489
5112468 9891803
4857258 1770325
1609706 8716845
6267667 4533738
9568575 778669
111483 973526
6032873 4812253
9184200 5590470
8310083 735901
4269075 2068699
725304 1622388
2152869 4517430
7650116 1118992
6344639 8916226
850403 7936594
4215980 5160886
2250452 249236
6311832 9635416
5085800 649622
9551864 5429895
3311267 4564699
8346258 1753087
2262813 591415
2351232 7620166
9697773 347886
3117769 624029
8421334 8246740
6885944 8572711
2326195 1036869
7042310 2874821
7808804 4072897
4757015 2008083
5750442 1060528
9841292 2214981
8046105 3411234
1623924 2384733
3291938 1125996
9388844 6450388
6932175 4676228
1725762 6578166
4834324 9588950
982997 5208365
6567624 1707211
8017817 1417944
6686039 1611052
1852571 5443390
6311815 3320118
7257433 7621258
7636646 8305986
2782319 8508817
6951740 5137245
832019 7301511
2573112 7707271
7891005 8145623
9551858 8145151
7652816 98875
7747555 7717805
859966 3444219
9420670 5673963
6579782 7381477
910807 8645289
9591959 7804851
5925596 5270161
448283 9243900
9043115 9574684
9793153 6854730
6500831 1734161
769937 9099270
6245721 7780763
9462594 2649079
6952923 7484170
6077309 548906
492905 676791
9459140 8646780
4546628 1449097
2587610 2759733
4003479 3753009
5441266 8043429
7886594 3962779
8422509 2023642
1421220 512855
4911269 3750892
3979569 223494
2501061 469394
4981213 8874693
7020278 1026652
2481435 5876888
7489056 4533090
7889715 7770378
3060906 5603910
6356942 6620973
8180152 7695030
2554211 6490579
8639504 7341326
5538444 3530184
3346317 2973638
338146 9410847
7491848 109697
1818727 1624261
8411022 1808471
7155559 879652
9020744 1495163
7460083 3313794
3630469 965775
3798704 8033513
6791178 5446826
2462443 4204672
5362831 5976486
8585971 4915477
6817164 7301114
2991259 1163369
9947144 7210030
9471649 6599362
6534918 2913316
2316633 5486230
8977706 5194994
4381397 1826475
368242 9715712
4885133 7742129
2026909 2050755
9686648 5514628
156689 6138307
6593527 5115340
3481000 6291576
6044582 6748536
8924360 2963893
4816237 6762320
4803047 5172825
6206499 7715632
8684137 5974909
711497 6967735
9176524 3061280
8107816 315735
7057117 1126891
8208564 3167112
8858487 7235241
5770309 8965938
7846113 3126708
419733 9703083
6183588 817323
5580925 4956500
2431532 2949721
3533689 8739853
2954686 3454963
3867378 9132529
6734320 6798706
539574 1385858
4158612 9046029
64964 2609495
9316749 916234
9757356 1168217
5501325 4801966
2861535 8593871
7477424 3344829
7639513 2894824
7565559 8807998
6520570 7239605
9729763 7861473
688364 7625376
4968879 6014298
7382295 1900895
975645 5218804
1040807 2738737
795855 7781248
740291 818485
7119255 3950460
9700548 8400104
7415395 5164382
1127389 924669
1724163 6985203
2959414 8368403
174370 5084794
8584596 9692345
4698007 352916
8386430 659811
3346475 4947856
3932883 6511739
1774215 6682057
8455433 6202215
547928 7538929
511471 6616429
9117583 8694738
4550286 8950282
8554821 5344839
2240392 3339941
3638425 5194855
716655 1611754
7810653 8796793
4246716 6162335
2767165 9163007
8301510 1306911
2819173 9402702
1229562 7732875
9287579 5886813
5586982 5422669
4862004 8514835
7849967 7207461
16572 6595309
6688206 6746538
8793958 8174592
4996827 8622212
9804081 6544479
2752122 1631265
4938904 657680
5056262 762946
7348268 9756366
7644941 801000
673935 6848672
8873072 4965550
6400559 6118468
4617419 1473559
9289657 3817298
5724890 8779706
5126343 2722608
2686118 3577383
3923834 3448653
8101908 320086
452181 7149170
6889899 2786228
4300043 4379578
2336185 3340262
7795960 8300091
3809450 6785652
5840864 1549401
4225278 864327
2820494 6353884
490071 2943122
9602944 8870300
5025496 5053457
5186578 1888330
2339116 8047447
7518761 3564576
3945779 703431
5675422 9446676
6903723 2986702
3526081 2869059
6004784 230267
1292771 5876759
2313877 8423956
222891 9779568
1444459 5209016
9592506 4820691
5618815 465447
7301739 1963192
732514 1579026
5533181 8747770
1710798 4040494
4309311 4752337
7908223 6934862
9983536 7566864
1159732 9642575
327441 4602107
3507523 6236038
861036 6883521
9489963 1486840
6857819 5568265
7820495 6034704
7338733 3017752
4769187 6722763
2886070 614794
3993157 7220422
179947 1971876
1189595 847872
6631086 7344251
6864431 5291310
1129218 5400988
4292260 5171805
1006095 85090
1697745 7014381
680407 9130828
2679961 5909058
573320 5797248
2662690 2289010
8948095 7649156
8682554 1127153
4590384 664245
2319854 3417427
7474834 3992704
665478 5161254
3643661 8126335
3418564 4457313
2925205 3857428
6051369 8404425
2044966 8505081
1976634 2290491
2268222 6651459
4871189 4183048
4118474 7692066
7613078 5975089
8607222 843866
6463740 4196786
158139 835613
814542 5026208
9303945 9497970
351049 7598897
4871480 5752877
4792349 2827571
1884518 1569949
1131853 4051528
3034912 6873286
3540124 5069657
4276792 6588318
4273883 6627828
9434631 7438574
2935488 4383184
4479614 9400139
3326132 9731772
1176083 2414851
1393936 1386976
2348215 8958429
3619998 2775803
5339119 7887295
5415884 9093266
8307696 4640592
7080520 5349438
9197527 5529535
7765200 4398072
5957789 264195
1762011 9407386
7269883 9302675
3019804 4972667
515861 9730964
1152390 2943254
9287735 2672627
9129929 8508016
4868344 7299584
6707817 7204507
7000650 354688
4743139 9091571
3116036 8631410
8566774 6007894
5308518 1370771
2023637 7515161
9746056 7948901
7779137 7995301
9294822 3737174
1647748 4436288
9016569 7047284
1869739 9004372
8945448 4580406
2173675 8365125
3138375 3045977
7860034 6380884
1404586 5418868
2738129 3027026
1860783 7853635
5845234 615286
9947884 2911330
215945 5163197
9853630 1576545
4582286 3683861
3590999 2802467
1288341 742131
6676165 2398297
7193239 382549
2828772 207603
7863983 8702556
6954090 4011251
3752310 5412175
2839825 6900038
7361849 3863250
177788 1390979
7204811 2799444
1094516 4674835
4252008 4957303
7480643 3009023
9047807 8838517
3186089 6251821
7596101 622147
5534812 3953944
7034401 1712301
8193511 6244596
9274922 2118934
7209009 3004569
7234393 9005233
5445710 1512766
7125790 1506818
2651787 7011544
3426052 3309844
8263872 6494338
5904866 6349189
3009314 8744807
1630146 2465419
820045 7360481
2691759 8588306
8971659 6106994
9747801 2738156
1084684 7281751
6911346 1846479
4796311 1202238
1726816 6475405
2814235 9302969
5848894 1253618
3957491 1341917
108399 8677101
8021796 9771738
5653748 6141644
5022507 6264026
5465745 1507604
5199416 4956961
3439445 3747237
9808732 9686885
1083181 7270569
1865312 6445024
6949512 7764739
9919797 2348169
1967661 7442360
2347985 3002261
7756392 4116959
5833490 6834291
3206877 8248890
2944784 9236434
9185496 7121016
7722614 4870315
4379539 6175685
80986 857988
6896358 1409192
1343309 1591023
9523712 2560853
9692766 6891445
9285211 9228133
8002830 1485325
8997870 4130897
3969437 3301565
8813187 5562251
5610164 204121
5087500 5126523
246873 8785172
4742027 6361312
8802888 5105649
7285636 9657838
7030799 5442361
1647298 8069335
7063662 2288891
1057009 6240285
6683152 7526445
1076893 7352759
744779 3253824
9260541 2194636
4706728 6169157
6701092 4084604
8063566 1171671
8578422 2177647
5557240 8694335
8679046 1411518
1271721 4978378
7173007 1614078
8636261 2687706
6891705 6725543
1199116 3020078
639479 8222966
4550978 8085392
9398346 6044475
4303112 5150239
6000150 1771769
5719703 4829211
6371056 350529
8177980 9423975
3308139 3063613
8583486 3065845
3137414 2103205
2896730 9388115
6061301 2818130
4422028 8446552
9286942 376599
2960117 340172
8886401 1834301
7272623 4252054
1045515 9949466
737596 2201347
8702125 1017730
8903213 2181271
4091267 8407079
6233542 1991478
2425086 2998236
1784848 4474820
9060631 7802015
2481867 5176483
5363661 3560288
9213358 1539643
5349953 7093251
7498542 4056752
9105630 5343468
6262479 6089578
419903 2890072
9879457 4665771
5182116 6221843
8957817 7623278
5506245 2811436
2169324 4037300
586295 9182243
1687670 2929467
2083844 9470719
6066571 2489725
5959484 457025
4719939 3653222
1913659 6223629
6467140 3739954
6949586 4163567
9522749 7158844
4639892 10507
3221046 738847
2373108 1677351
7039927 3059098
1670570 6348756
3250753 9243433
3983062 2068984
365809 5231450
8551883 9313207
9108914 8299638
8091556 9501652
3761581 9210779
8610807 6606279
9483584 8382655
2354670 1954444
9799138 6127278
4492444 3586065
4529491 3025421
3780969 3060935
7558292 7405054
7087593 7855983
3648554 7469907
2944871 8863494
2973513 2029244
2088033 289092
1875788 8414472
9470206 867272
8965955 522558
7924148 77291
7665732 8009616
771213 531237
2661162 3748348
3466662 9577573
3896985 5817766
7526270 6976529
4664469 7886588
2963867 8473418
2231289 8989395
2855496 1685339
8411199 7451644
3713548 7114134
452423 4735139
4231536 7593644
2939158 1573763
8464187 644414
4166744 5551984
9093597 9928667
1375665 867272
9860570 5056450
6726226 2105143
4482789 8284594
6068626 5608388
7138676 9671959
9175351 6153109
5716873 3231483
1560979 6500175
517399 8456703
5344635 5928125
6868403 968831
5458049 3996720
5517970 5126733
5449097 5781342
4914179 5454802
6862193 8908491
8734940 1245944
9088248 6072848
2312448 3763064
4888987 1831958
9654454 7669687
2927429 616887
7485792 1197564
8909036 158065
9759285 6781746
9293133 5927046
758349 1700602
1532176 7852361
2972191 4618207
3422162 5899338
5874545 168624
7624540 2210886
4948396 9690416
483540 9727481
1333779 2349927
2958313 4470413
1267191 7236459
639561 8859998
9681458 4402053
5274595 644206
262011 6436930
4213791 9225779
3517303 3347002
1512614 1997564
2175940 5661026
8565650 5235241
1827042 2511763
3081522 335937
3575995 3652788
1082755 5127713
625419 245851
6250352 2979607
3435488 9333722
2232965 7874953
9326853 7683122
463371 8511432
4080749 4387391
7183595 9253634
6388012 881441
5353815 8198680
2488283 825104
4375787 9984588
3319664 9994251
359451 1167881
5553095 4761881
9494857 973383
7641594 7631688
4495662 9123265
5942879 7349764
8372374 9320799
6960369 4276052
444280 9525737
3475036 4758162
1556305 2381233
3326524 1386938
3871197 6632322
9315274 7832809
5255260 3206244
2561306 1906928
3843711 7697543
4305919 2422164
2580396 1161540
419135 8379082
7236099 6453529
7796659 2983100
5177500 347514
1404740 450113
3792809 6587056
514860 3678350
582259 577943
8546305 7071144
6320095 1738026
8713561 2560300
7117949 6172108
3289998 6648579
3431867 4113192
4707589 1378448
2163838 7063319
1877245 2479703
681127 1357438
5741830 4005314
7031370 594995
9911051 6118556
2086831 7786224
4030303 9421869
1812428 3907230
6563445 4274184
5390018 4163172
4052319 1999101
5757886 1922877
652315 2001590
4184732 4205757
1127589 8877346
3502953 649300
8210353 4234591
9999597 6302484
5569144 2622570
2408552 8500325
520368 904754
8883376 8952116
22940 9512917
5309267 1715695
2096527 8492601
8026663 7726820
1620656 5192303
2936025 6519212
2559387 1774389
5995618 8286726
2983647 1941786
1268852 4920752
8963609 2383729
636608 2764204
3513886 5381503
4660773 5096071
7290311 1710095
6180962 5201526
7412761 8274183
3758811 6343080
2906540 6682414
4315791 5483792
1806541 2932289
2442312 5162110
1060104 9496755
8584706 3794199
683334 1053980
4054910 2211009
5734155 8857350
9785883 2065279
2486672 789491
9412754 3675139
881387 6269249
117929 1170114
237015 3452388
4509672 5930017
6111638 3778616
7518434 5174573
6615235 8430106
9250579 8521712
3481410 4969336
6218658 8657740
5560911 6217970
1767898 9164193
8090033 527639
3162647 4083187
3566076 2848646
264881 8894343
2344762 2945026
3762069 2378781
3883731 7288059
1675438 4956585
9314484 8488111
5643584 7183988
9507790 1758283
4999814 6034089
1349185 800786
6946282 9358597
1584429 8059207
8133845 7555085
3554575 812690
5688457 6165415
3312050 4839497
2179711 4620585
7382231 4611386
2957092 1326276
7092316 4713009
3365127 5152539
9470575 7574522
7913662 5501213
5525187 9336026
9874287 8674752
762218 1010438
9775742 969633
1905973 6003141
4509526 4958531
7310259 949737
3027125 9013563
3119706 3613178
7807151 7600732
8032837 2099225
8154735 4987227
1381696 9960416
3193261 1726066
3462485 1541236
3342127 9496134
8970025 3245133
7015968 5046088
4101235 261049
8210037 2346515
9571650 620803
3198047 1117330
9466694 6929737
6489872 8954359
6136533 7278689
3197921 408987
4105000 3555990
2314307 8602534
9151833 4701522
1794137 7358580
428169 9450962
742942 6813176
7437090 5818989
6212657 9181696
66073 2916128
3729643 2412525
7257486 4107917
1423401 404915
143048 108164
126902 1249218
5102011 2886462
7245905 5744177
4467297 5295391
6869022 3114425
2019511 6921649
4893665 8599333
6104315 9807448
5138523 4805004
1911899 256149
8533399 6800634
354160 3196652
8896415 9851731
6976762 4792542
7815730 9858883
183550 4713948
771292 7883794
8523077 1022989
5665533 7664175
4792891 1293553
5019633 4001511
1636216 453648
8628311 6037215
4345961 1817451
2913608 5094770
857714 4682910
1892266 125022
3103524 2268394
1291052 3356933
9991150 7275079
7882030 6671517
5624017 6643700
60470 5215004
9903767 3141851
7973782 5070567
9337319 7713525
1892896 8321275
8470119 5696762
4481419 8892744
9393442 3025984
168760 4016911
1648163 5875476
3984026 4755
7157488 4061737
586651 7803929
73090 1792888
188161 6053046
9989708 5698780
255756 4484306
335949 7122730
7816460 9151409
1667410 2467496
423573 2151185
3809656 3494948
202762 8215186
192148 7487767
4610595 8121660
3296940 2754759
9323206 1922904
8111621 5292760
700324 3826870
1877049 7249066
362676 8092912
9094207 822570
1172358 9002839
1507047 2277810
6004116 2933385
1256915 4225541
5212248 9387568
7306204 115805
5742000 3950631
5735740 4037352
5434538 1676029
6644042 2200625
164567 1801301
4189955 5521758
9046139 6343617
243568 1164167
3756968 1844512
8908937 7458174
1635508 3984199
4787213 5457055
5168999 6195743
4554793 1122337
5915468 4716349
8839869 514803
6619105 7123217
5621409 8149764
4907796 4129661
4269287 897056
3002100 8010579
1985303 2226324
1526308 2812480
9010519 2625165
7515440 2935512
7643127 2091723
1813884 9263536
3166869 7515102
4856652 389640
3134232 6898880
1567236 7838759
1733335 2650593
7976527 3633732
5232937 5726576
2075830 6736290
1804936 3800069
8229842 2658838
973326 4418814
4087471 3103229
9338013 8861588
1978817 6670986
7987114 5168402
9861156 9640597
8332339 3071493
3725202 5786124
7889396 5073902
6708941 7812819
3309250 9171761
3454744 6454401
8251701 5285098
6390369 4904234
9826972 3919591
254604 899693
3431289 7287332
193132 2795412
7960905 370919
3285652 6929989
6918818 5814793
3627560 959823
7842228 4690777
1001270 1426800
7550507 1687838
6538030 6422067
2970530 8542942
6320354 5252235
3549654 1349124
8981243 8143138
1606147 1868721
9368096 9136684
8143308 3014777
1685640 248691
4405923 9019555
7954324 3620534
7946194 671262
4955510 527229
9150142 9298245
8789034 752514
5494362 6734357
4195424 3010572
5827594 9805350
7570897 3383794
7266640 6913360
820916 3639942
1291360 5394979
7445108 6251155
5522832 8497791
4955366 6537356
5027799 7537263
9160538 4362847
8438644 716326
5040422 3590019
2690553 1969334
4247949 530513
6372142 4236260
8014601 6476204
326162 4958514
6638164 5579290
5698881 6867961
8656531 6482401
9264771 8043771
1204057 2512952
46797 9741911
9602997 4468206
1796144 887056
3647602 4457913
8760213 5820622
7076092 8948443
5344055 46369
2673969 1250861
2809173 477824
2523622 6874751
8562091 7549051
1036344 9033656
514496 8233476
1770690 4712521
4513980 6821201
8085025 1103525
4654139 271823
8070661 1141319
8786697 3094345
6236780 9832290
5605862 2705430
6833112 4773565
9011176 9710904
9522139 7190830
1799052 5268953
6822705 9181737
223513 4600508
5052834 3825374
7723491 9805305
3816009 2981807
833408 8631332
2209758 2260355
3983978 324840
8413877 7139938
2905636 6320355
927211 4954263
232955 4019965
649974 5760328
1889981 501413
8338010 9198024
6420211 5169403
3711135 8753205
4324122 6470439
8625251 7673184
3783103 4263862
3623208 5779820
3654390 4507650
4035899 2359293
2752020 1284056
4142142 4447064
8901156 5085496
1142995 8175348
1700340 5259923
516517 9988888
5431190 7993525
50578 8234247
4357551 779399
6215494 546320
6062894 3918755
153910 7143985
3964108 3260701
3783433 1596447
3032800 9852306
3039028 8327007
7120961 8052690
8559419 7902794
5108629 3991144
9358911 7326227
6994004 9207166
5652749 4981358
7224480 1636404
4896739 7435458
2042553 7752694
7395829 1617082
4902119 5052076
2626241 3960327
7739357 3787451
3178603 8129189
2595907 5751811
3886198 1425157
946409 3840142
5522132 2785019
5407199 3547479
5888186 526100
1764560 5584407
2793769 7438407
6617019 5740016
2609210 2816306
6711541 4617380
9490114 3853589
3686972 6754897
3677819 1451437
4523196 9088976
1419356 295120
1052152 7060993
1211424 2844620
6238625 7403870
9114272 5227122
5192323 241508
2459673 5771646
4554519 9629742
1729921 741998
6529114 2425308
5380633 2108402
9393810 6891127
2000158 4702730
702296 945023
8128709 4754378
868116 9484010
3774117 6552075
7084413 5217828
3201553 3455668
7921725 8661612
3027389 7398434
6946525 6673531
8391116 1272081
280115 6009318
5309879 6143644
2285163 773190
2101596 1616492
9345372 5978476
4614162 2758105
1403249 5078056
1349228 866306
1895218 3612908
2637570 140002
1452998 7846429
1770795 8921437
6600401 4912713
1274958 4030510
9863551 7406376
2256487 4497028
6585372 8777190
3286386 7324799
1526897 4828356
6841764 8421195
662944 334521
286205 2452717
9260124 8709817
6700935 9306206
5366003 8375983
7038249 3814177
5697703 5147131
8220253 3218331
3017369 2233142
6870546 488839
7122017 1084143
2011837 9594528
1844716 1284763
2670671 7199567
3500490 9311213
7698876 3446673
9025408 3004967
8781925 4881260
9444525 5717655
6137374 3853740
5083778 5032579
8852346 494782
264302 2161403
1780281 3452301
6021482 591893
4811799 1108803
8305627 6335003
5030083 3329699
2055896 7247078
4959321 4535652
2446862 4002108
6225789 3948759
4246675 2184008
5820120 9346706
8135685 8220944
1859194 6546168
3815365 2500771
2620986 486152
2236448 8861833
1293215 8054354
5223435 867011
683554 3302652
4803333 1941367
4048588 2581983
9522913 9456678
8537380 6136455
3282391 9699169
4562390 1586330
8651174 6485944
2327794 6080889
5832004 3288423
406024 4425209
9917585 9845603
576674 7580956
9390135 1574611
4756764 3730847
2320964 4171803
336287 3179566
415116 6956785
2534810 9372575
6719981 5003046
1092404 8452075
6467688 6502227
7823846 5714739
2314947 131962
8380254 650566
4118496 5047508
2646481 8813551
6007890 382821
8588248 6935857
8976727 9580571
6102739 3772755
8983571 4250492
5260652 3008144
1682721 111142
3519227 3805694
3562822 4937842
1452367 5587737
1112602 6942061
3238146 4380872
4191126 174093
7575970 3096693
6394817 5853630
3635789 3995722
4753001 544206
6946365 5799280
5691986 8067665
7775306 9455310
1054250 8036196
7524249 8932663
8748630 4516494
1401811 7803785
9627122 2994957
2883722 3158293
71049 8123053
6581820 3159096
1565598 438172
1176803 3582433
8395400 5502670
405646 5819968
7441205 2159720
8763856 5155630
6585308 5302174
4342327 314287
8083092 7786460
3766098 9916981
2099131 8858028
901443 8880813
2128334 7772621
5567413 8815006
3912816 9144777
8866568 5293744
8642063 796995
6728577 3959975
7225122 8701771
1617814 8678396
5161678 3570509
6466514 9750352
6260577 3179990
8732228 8637530
7565991 9459458
7092002 5771291
6353842 2129836
1165804 1848391
8876711 4513579
5581732 7758127
7535279 2206243
2971038 8798622
4829418 8087594
3365662 3356446
5909986 301672
9894459 3981463
6363161 7769386
478959 9050172
6406056 8777125
2778210 9874101
700278 9006803
8336804 458881
1299330 1969667
2115764 4708270
8841689 1018867
5676358 1340082
4462962 755386
79498 9909437
2187640 4610238
4385579 3417142
9427558 5894631
4820770 8010326
5275456 7799366
6531005 2677989
1521029 8990524
8996607 2373666
2018799 3823428
460733 2261878
685886 6131102
9768026 4023613
1719392 2639911
4483410 1613083
546870 8223356
9770591 40852
6486216 3882408
2183183 1136510
2653701 5733973
6552949 4750617
3750885 3855464
7017974 7646841
5605023 6444234
902381 1834444
6551102 6245009
8308088 7628467
9449544 3263469
2955894 3758464
1459264 8958984
4242759 4244961
9653593 7674747
9805178 1591786
6243093 9823664
7659004 2347020
2460064 5781775
270236 8513031
9417836 3395208
7507401 499585
5672903 5434578
8699198 6013608
4562179 1549855
5146672 6509057
4945407 485650
9006600 3266118
4269668 5126810
4260075 9710292
5595106 4735387
1660574 778539
1959837 5022895
1165677 841634
241373 6485484
3064741 9833651
1227104 9305910
6097238 6637540
5645121 9166561
7512300 2659799
9115344 5666610
1455120 5440932
3880114 8347772
5050967 7048168
8440535 8536159
6083955 7741272
9070534 9216710
1826338 1593880
8465020 1483721
6335310 4578939
1392669 8260717
7633167 7315998
1304806 7582146
5395219 1530366
7274130 8717558
3294751 1088933
6651587 5306935
5659772 7755684
9795246 5415813
897897 690073
5987420 1067103
2124426 1124452
133034 612223
5289534 4057953
6410063 8134976
9463668 2278566
9886084 4716683
2009119 9572695
1417411 386696
2168447 270674
419315 367034
9894383 2458280
1439242 4128275
5160100 1057572
270908 1623646
1652243 5393581
1161329 2811329
369041 8523678
6820738 3423765
5549461 3809266
317850 9111897
4158406 5877785
286946 697907
2017282 8429785
773177 8055166
9708015 7891816
4264101 1012399
5498228 9270107
349967 521506
9656474 145045
5314225 4475423
2726368 2223931
4222210 7658387
1698366 3992257
3843825 5830043
2755789 5000176
5050265 8890365
3268098 4139500
6450980 5886080
1083407 754464
3621187 1536221
6136765 9457648
56377 1136928
6102820 2415506
1816740 9576596
1580835 737561
8777400 2631648
9599729 1991021
5328335 195408
2522535 8802682
4614059 4260352
8867881 3780511
9701149 473780
3210914 8722475
8165885 7339410
4034254 9902483
1948235 858740
630433 5275356
9864858 1262203
8224211 225771
7423682 4756827
8255734 1660085
2669623 482755
6744362 4032161
1890011 9526387
6556581 9856932
5498266 4306726
7410426 6836763
9577404 7876797
42299 7805134
4933711 6313167
2208567 9218392
4402833 7783126
1353674 8462486
2246598 9513359
1275468 7399229
8699497 550283
3604371 3577963
5205989 9459510
2453021 7013
7643504 8286213
944977 8031488
932931 6954287
335928 3030371
2183526 3777372
8749308 8518930
1276353 5033025
1767983 3281854
9295907 6704881
283797 2949511
9347018 4511144
9531636 5051083
6348212 2085982
7332333 7023820
5482210 3185561
8605898 7542954
3668950 5473090
625017 669536
6988108 8076855
3643932 8294591
7808677 8563181
8347591 177122
6334619 5224072
4917542 6478355
7640417 8328279
7064973 5929404
9799828 8164517
7035663 6568978
3347391 8305284
1124643 5318716
6582880 3089625
9137831 1844771
8242914 7181239
510092 884091
9454889 5804316
1369792 6233956
4688385 1576426
1794669 795024
4936311 549345
7775482 1975966
7105469 2967650
703224 2539916
7682280 8428760
3931568 7391101
5579837 7998352
8160547 795182
3603954 3157875
2789739 5663235
5167149 9898673
3535169 5477860
5028760 2435782
5023553 6644421
6104750 9894597
8396598 8775121
2772103 6892166
8018337 6350533
6446937 6609932
4604695 1631313
5236906 4141097
4219652 7572424
9204261 7653597
3431140 1751920
9516798 6486097
2381170 7875549
2979680 4304609
9909072 8716758
8697704 6345929
1386760 2578993
6997903 4557023
3687081 8548337
847638 7046609
2730621 6468823
6411737 40375
7343040 1022339
2040554 9900641
5356490 7219908
1814209 3217741
915592 1640145
7357043 1807315
6310523 3455645
6700399 4206330
4458251 3745808
8754413 7557739
8958706 4824781
2828918 9317915
9139112 3702541
6216743 3904172
6219768 8318937
2480566 4409975
5830914 3560374
4133475 1951986
3748622 4849341
6806634 4335387
1831849 137169
9603920 3649306
2627365 3465238
1062784 1300510
3744604 2065889
9285273 4930354
3113319 2881917
6187596 2303501
2059640 9267966
1013157 5118703
222992 4870842
7413335 4550979
9158701 9331398
2616792 2421894
7961845 8297623
9249519 6622296
4231007 5992389
9573389 5115218
1446418 8358313
2783477 2004827
9141875 3545959
3327420 355026
4195452 9799663
4208615 4108754
4198064 2890484
3045033 511815
1571981 5145974
7305657 6903426
729144 9079041
3205577 1796678
5569752 2195189
1023839 4105204
8859678 2803717
7520049 3113043
4160754 635090
9101317 8866412
2608363 6993598
5042432 4905691
4713348 1057033
4884511 9605431
9624040 50444
1771296 2891792
3250784 4671594
8182113 1611726
8582978 5645883
6468400 3864934
2530920 1761245
765106 159004
8831819 803501
160124 8480830
447922 1938091
2229710 8002133
6827164 4294344
1995109 8016077
2800473 1867061
3939039 8107120
298639 8983008
7546501 5529527
549021 7031104
1694910 6799535
9706479 9917541
1961007 9423973
5475596 2427800
7587589 3375782
5009478 4523863
2200277 8797365
9283801 8796097
1474988 8799201
1515378 3115304
5680931 9788455
1455912 5364525
8323555 2799209
8361999 3258683
154603 7986095
4412065 2863836
745746 9908369
3852206 8790659
1774086 3520609
627633 2441618
8294263 3974237
4931437 595158
1211386 9826548
1796325 2384737
2904418 8652929
292258 9349784
6938566 1093711
9071242 495617
9817280 107778
3902828 9738618
7310172 5801828
710895 4037606
3112787 9503944
3592563 4459996
3668577 6928897
1670657 8529132
9545305 9243059
1070825 9692228
9845040 7408272
4519436 8684087
7335699 2564777
9869247 2540668
4297900 4101069
4587298 26762
5480418 8476715
1184448 1455377
7164421 1232990
7680842 8349119
7051508 5160339
1831242 5545869
7084499 5530646
3115555 6515210
9926349 8430587
5042187 493749
1949772 1974419
5016539 2244365
2805326 6553054
7264615 2549371
9686808 5380398
9128451 5031543
4468555 3144234
7947706 1362285
8272171 5401850
1126614 3701792
1339074 5726037
5925981 9721601
5537959 3635595
3062815 8971554
8964577 2980121
1950465 1734680
7016899 7124657
6376288 7496085
9203374 9351419
3063808 5901546
7898391 4694227
1214130 4153733
5615542 9372271
344138 8573023
448806 7088710
9261485 2711839
6750571 3851004
296528 9547544
6250766 2165546
8306350 5626338
8529093 3874823
8600494 5296937
7253942 98540
4175336 949830
386390 3880843
2381520 8733762
2197854 7711852
1762193 9481639
9975775 1957578
9161006 9738170
6866894 7628107
6431478 7208336
5881856 60273
1240815 8051476
3630149 9312731
7468494 92817
1411344 8597562
2831314 7158788
2433349 6344354
9121027 8096178
7455436 6920655
2093884 1911132
8444706 7690304
6312772 45826
8935363 8264592
3066617 1215015
6760411 1107178
3477844 8933654
6140724 5313709
2817201 155755
7293203 1112128
2851333 2159658
8591783 3161618
8348762 6494842
1252422 8683433
6674215 988729
6689052 1864833
3556241 1140536
4872054 4910254
3888244 1597822
1295006 7917208
3487810 28688
3894320 271009
9238748 2049979
2265595 4394231
6854459 5070093
3131365 1493621
9541422 5869499
6558244 4323848
285514 3894324
7926660 2543168
1478833 5211922
7140498 9308594
145586 1629940
8958732 1692871
7516075 5689062
7429847 4018138
4933750 6279087
4765403 890416
7931398 6763280
6804386 4658948
7056731 2118351
6500278 2959736
7856356 394572
334728 4036672
4443891 7277620
8273638 8347363
733675 1964187
8707933 8422971
7736860 4238316
2751010 6088648
4356159 939547
5025716 2497095
2541756 469676
1745255 3086365
6187649 4451197
3172856 8731022
8678694 4756501
4312067 3782015
2053421 2889958
3234657 7895499
4237070 2398809
1876817 5460054
923617 31100
9552509 5124914
2590474 3154050
527941 7685284
2220899 6377905
3039152 995837
7236911 8244248
198773 5005873
5523389 7494144
8994935 3164084
7315732 72204
3188417 8026613
4439856 9952798
9293894 4660518
647700 9398840
3909818 9093499
7249692 8992239
8536032 2564707
7998496 1826569
3127634 5560615
2071308 4089560
8490178 300245
4610588 2131872
4165579 409509
4139262 4795414
5196008 2406380
498655 2423611
3770199 7824350
3475124 7333331
598042 4570851
8120731 6117401
9845274 7229090
4861265 1273315
5695638 578778
4749531 8067458
1823535 9476738
4339926 2444032
2970824 3320811
9647669 4170639
5040983 4301236
4745850 1196233
152541 1896035
4298658 4497086
8664937 3028810
7481622 340435
3572643 8037193
6356644 7858771
5885219 2850297
6875948 4967107
7852388 7868604
450431 825263
5901785 5320928
3640736 9820912
4129442 6227582
2435324 1756764
9618654 535185
4725015 5725493
4558624 3488597
1988765 9437025
8274567 7104697
5634898 2066258
7300023 9318283
9444726 4916059
1705862 3777761
8096162 1478336
3249412 4367293
8595387 6194483
4737409 7442773
9940631 3270415
732619 9659586
7778267 5258623
2476421 7746526
9596813 911464
6682819 3848390
7440789 4557979
8087278 674833
6671190 2984311
5339166 1352311
5257222 5089407
5632988 1314998
5171448 9733543
22133 590961
4090761 3721583
9795800 777672
5174519 4873394
5386001 7519535
8718306 1830041
1804735 790936
1596625 9839339
4770657 8337375
8665859 5923798
2991832 9522838
1424918 820434
7243651 451321
670595 2701991
9739565 5070378
397865 1518820
1364700 6179334
5825989 2412079
7330538 3886075
5957770 6884601
3734446 7197378
2886646 617439
4656095 2643707
1212613 8830620
4372915 8746355
6861089 5532477
1091790 2771317
7658971 593374
1744838 7533346
2883060 3536222
5753282 4022701
4454014 9188826
2824604 395277
3986448 3009364
3246357 3115792
8618977 8620159
715265 7100196
9215492 5350868
6596935 6290048
7876986 7593931
8919948 808123
4810910 3298207
8638256 4831941
1734055 9579419
9542816 7207189
5071321 6999834
9311859 9244461
748119 7557857
3667364 9908468
1636728 5033341
6324802 6549863
8462784 7251823
7874999 1297361
7322999 2423726
1062022 7287927
634517 2282510
3716483 3737278
8013790 2255154
1198101 6496458
9390812 5904366
5375288 9614953
5406551 7804558
6645447 6714389
1303506 1991039
1335728 7347519
8419749 1912421
4942439 1087441
5133621 4201489
1351774 346205
4624468 3209665
5503796 1025263
5839184 3171326
4409273 2241260
3722399 8195960
8219998 7470339
705851 7748619
6000201 5163727
6468828 6309690
1243336 1532947
9638062 4143527
4984112 26878
9274845 1711154
7663092 3028583
3553708 641216
5883954 7122590
2677108 9690598
7524853 2607805
2836243 1670047
4562705 47135
4812025 6729981
272857 2216990
5484113 9301205
9685356 272485
787279 8379541
4036076 1672821
8605406 1148202
9290096 3868888
2271727 1111595
7297864 1971207
3807234 4924240
3245870 1877761
3689644 4383546
9608141 7303734
270517 1521224
6400489 6958714
6844969 1271418
5580478 2172411
95885 4553915
6453576 2227382
2681935 9272728
7595001 620548
6533585 7487003
575266 8722166
8631813 4568421
6608299 2681722
2206383 770098
7046615 9919854
4695195 931594
2745964 3447671
4366027 1018228
34848 6579851
2432369 6533515
3360975 9646771
8838542 3932243
2147832 2462342
4803897 5468211
1039536 1157781
920438 516541
405956 9542606
6229629 3688200
2987068 1685227
9402626 2815133
8655088 6441480
687858 3365534
6024678 5421506
2007930 5418926
1673204 9292781
2610503 2692983
9264837 8481545
6495741 2706464
689329 3907791
820279 5383138
2225070 9664142
1383067 8664417
8116825 845005
3594575 8556035
796431 4808237
7521320 7832061
4515840 2046968
1937970 2679176
9296739 2307749
4392930 439878
1262999 2042081
7586588 7714052
6761775 252260
5325992 7156183
1621445 4007808
1581008 8565034
2153618 1725577
5452102 7983953
2451589 1150375
1205181 2412109
2315438 2517084
3438202 639060
5700293 211019
88241 2599776
5575603 5731245
6301685 6273957
8211356 9227342
2290794 6226145
4654691 6559161
7053681 968526
6084220 3545059
3092518 1791227
8052958 7081856
9094152 7876482
4966772 6252046
2334170 534553
3573026 480310
3611203 1979762
1193976 6778865
1296064 7069774
9013158 9649776
6668569 9706625
7740032 4984844
6446847 9981322
5214463 9443953
6984599 5923695
5363439 5403643
3951810 271814
8636750 1008309
9835279 5900305
6625654 8648495
122832 5967644
4679503 6217870
6683913 2196343
2115183 2303186
6441853 443349
2560415 7107191
50332 1390853
3522511 9175680
1412524 1989944
8973280 8585600
9009674 7867905
9280321 3523644
517595 135740
1718151 5485738
284928 5951764
589751 1541154
5374144 6614520
1410467 9323575
9766845 5996979
1724537 7772990
2269509 6930111
5282149 5195954
532168 4487646
7947229 6823119
832064 8047287
5214128 4094185
673028 4976709
2705182 6331706
6754470 4003761
425497 1134914
1746843 8590428
671732 9996887
9515062 6452277
3071816 2094170
8627940 8105859
6399130 1677856
323774 6757646
5321640 314289
8644927 4040875
3340806 8587126
4965332 4905506
6636129 2995777
488651 8541178
8854987 9718635
4555176 4902942
5361627 9310613
1722597 2494943
2677103 8189301
8810417 1941468
381321 3439623
5907283 9144550
1277098 469691
4631958 4719606
5202602 2599941
1229135 5101147
8111958 25730
2927958 4122222
2082812 9922244
8272311 6470977
3935166 5437953
319861 7418635
4362791 2376169
3707977 465139
9710704 8235329
259900 3559723
5385127 4250372
2813491 7379118
4580479 1834982
9485794 2682012
5379852 5709266
3003486 1032167
2686523 8210566
1157416 1274889
8776077 6081560
7716985 4946364
5948302 9316565
6003415 8147256
3298405 6770804
8216372 7675793
9173675 127078
5692050 1419920
8788600 7644162
1131555 3948013
1465738 7716981
1373253 1455639
4644072 6096960
1920322 874162
8612855 6853871
6650520 3453460
9945673 6048231
5435070 1305829
4037253 4827446
9863931 3586491
4295328 9616762
8145834 2554696
8107728 8901371
1842192 3086002
4870206 3719365
6109431 9410184
6291461 2607526
3534087 5899440
4487294 6223489
1121784 9884723
1221874 4038888
9043993 6782137
7654635 6246106
2240590 2465009
4837115 3650255
9376707 4916481
7929791 8664249
7820719 5077822
1246192 2998447
869183 8033358
6909127 6470802
4545810 8657406
2717213 986223
8111133 8525068
1197207 7716116
8384510 9533473
7635943 6170273
9492665 2140796
4861746 2107910
8366343 1588545
4845175 3861727
4005093 2429205
8597218 6882986
6107284 2191550
429444 8968088
6334171 9367749
6540251 1603051
6293673 3533047
275779 1239163
9486003 8256930
1617735 4444599
807258 3920014
2504229 478455
6699704 1836527
7048612 4779814
8183980 5330100
573049 7187352
1001740 4595990
3608775 4200346
2061415 5713177
3253336 9754654
1102286 6812565
5928972 205430
1773371 1382302
1640219 6565654
7827543 1055775
9203094 4764215
1814319 3614814
8529989 2197825
3445207 5562331
1778364 1867781
9909789 3740296
7998284 1142709
4044851 5710732
3576963 1596318
44038 6978746
7626526 2627628
8933570 9394209
1726891 8298739
2150318 2230111
9002720 7205761
4416033 7152899
5219493 7363294
55400 1502154
6593543 7681464
154903 4573315
7845235 8932447
5885679 4496634
9384525 5244122
9601482 8229631
4694486 7304776
4510787 2823968
8328144 5814398
1594127 3921846
5947359 604960
5517638 4643646
4067134 410529
5821939 181906
942831 381178
3179184 5181494
721401 7795669
1159914 2342379
4216125 5233811
5640508 3773001
3001215 7370479
6015185 4380890
1203737 436386
2605218 6758269
506433 8583066
5973651 7617491
1565591 1941260
3136558 5310220
7478705 5833728
943038 290180
4014895 4316736
4096827 8496564
2377267 6483747
612429 3618550
4423408 1665832
2996980 4168897
6728935 9674740
5724377 1765989
3513605 2547161
3918701 4049192
5569871 3424605
3197474 3099085
5073376 1631365
281415 4498211
5861291 5927925
4443465 7353465
9486656 5894509
6031338 9142176
6274752 281311
6889525 7174269
1046430 2333167
2436296 4678623
4868690 9216965
294943 6757831
8626742 367089
507034 5265863
9285094 3222609
1115622 5961770
6660911 120666
727885 6090225
8901817 3136420
8591961 5067061
3852581 4563447
2110935 733750
1703515 4344730
8277640 7397092
9204821 9633122
7890291 9515157
6493657 4684669
6635869 3561141
6543414 2103595
4791191 2021988
1854489 6401970
5102591 3849804
6110146 9614565
5725970 7101985
3238309 7576738
4705978 7669080
7135220 1833167
7562871 1228893
1655479 7314406
4644022 9266110
2625997 2194132
5760133 6593391
6996545 2523795
6838509 328258
3249812 2572067